[HEADER]
EDIT_MODE=0
INTENSITY=30.0
EDIT_BIG=1
EDIT_STATE=2
BURN_FUEL_MULT=15
FLASH_THRESHOLD=4

[FLAME_0]
POSITION=-0.1985824,0.1793497,-1.322841
DIRECTION=-0.2303714,-0.3714245,-0.8994292
VSIZE_START=0.04
VSIZE_END=0.1
LSIZE=0.2
SIZE_MULT=1.5
IS_LEFT=0
GROUP=0

[FLAME_1]
POSITION=0.1979017,0.1793497,-1.322841
DIRECTION=0.1915859,-0.3380623,-0.9214168
VSIZE_START=0.04
VSIZE_END=0.1
LSIZE=0.2
SIZE_MULT=1.5
IS_LEFT=0
GROUP=0

