[DASH_CAM]
POS=-0.353604,1.03507,-0.320677
EXP=29
