[DASH_CAM]
POS=-0.377936,1.01804,0.0044752
EXP=27

