[DASH_CAM]
POS=0.340908,0.996457,-0.0649323
EXP=25
