[DASH_CAM]
POS=0.338257,1.15352,-0.0194279
EXP=18
