[DASH_CAM]
POS=0.373764,0.966183,-0.135131
EXP=27
