[HEADER]
EDIT_MODE=0
INTENSITY=30.0
EDIT_BIG=1
EDIT_STATE=2
BURN_FUEL_MULT=15
FLASH_THRESHOLD=4

[FLAME_0]
POSITION=-0.6619155,0.2445668,-2.129735
DIRECTION=-0.3543389,-0.07023524,-0.9324757
VSIZE_START=1.3
VSIZE_END=0.4
LSIZE=0.6
SIZE_MULT=3
IS_LEFT=0
GROUP=0

[FLAME_1]
POSITION=-0.5037191,0.9116856,1.08634
DIRECTION=-0.01932083,0.9998133,3.521529E-05
VSIZE_START=0.45
VSIZE_END=0.45
LSIZE=0.8
IS_LEFT=1
GROUP=0

[FLAME_2]
POSITION=-0.5557557,0.9135892,1.06189
DIRECTION=0,0.9996665,-0.02582897
VSIZE_START=0.1
VSIZE_END=0.1
LSIZE=0.2
IS_LEFT=1
GROUP=0

[FLAME_3]
POSITION=-0.5488104,0.9164724,1.120343
DIRECTION=0.01630864,0.9996551,-0.02058539
VSIZE_START=0.1
VSIZE_END=0.1
LSIZE=0.2
IS_LEFT=1
GROUP=0

