[DASH_CAM]
POS=-0.35578,0.970667,-0.0834225
EXP=27

