[HEADER]
EDIT_MODE=0
INTENSITY=30.0
EDIT_BIG=1
EDIT_STATE=2
BURN_FUEL_MULT=15
FLASH_THRESHOLD=4

[FLAME_0]
POSITION=0.2087721,0.1464363,-1.096317
DIRECTION=-0.003344087,-0.9536285,-0.3009677
VSIZE_START=0.04
VSIZE_END=0.1
LSIZE=0.2
SIZE_MULT=1.1
IS_LEFT=1
GROUP=0

