[DASH_CAM]
POS=0.367563,0.919395,-0.296367
EXP=27

