[SETTINGS]
WIDTH=1.06262516975403
LENGTH=2.50585031509399

