[DASH_CAM]
POS=0.353498,1.01571,-0.1671
EXP=28
