[DASH_CAM]
POS=0.36411,0.993834,-0.23507
EXP=27
