[DASH_CAM]
POS=-0.399499,0.964209,-0.149856
EXP=27
