[HEADER]
VERSION=2
EDIT_MODE=0
INTENSITY=100

[FLAME_0]
POSITION=-0.165,0.124,-1.07
DIRECTION=0,-0.226926,-0.973912
VSIZE_START=0.50
VSIZE_END=0.95
LSIZE=0.5

[FLAME_1]
POSITION=-0.165,0.124,-1.07
DIRECTION=0,-0.226926,-0.973912
VSIZE_START=0.50
VSIZE_END=0.95
LSIZE=0.5

