[HEADER]
VERSION=2
EDIT_MODE=0
INTENSITY=90

[FLAME_0]
POSITION=0.1378391,0.1976947,-1.498918
DIRECTION=0,-0.7108186,-0.7033753
VSIZE_START=0.3
VSIZE_END=0.35
LSIZE=0.4

