[SETTINGS]
WIDTH=1.14625084400177
LENGTH=2.52659368515015

