[DASH_CAM]
POS=0.371451,1.10673,-0.0298694
EXP=30
