[SETTINGS]
WIDTH=0.980000019073486
LENGTH=2.39000010490417

