[DASH_CAM]
POS=0.343739,0.966261,-0.124481
EXP=0
