[SETTINGS]
WIDTH=1.01355314254761
LENGTH=2.97495985031128

