[DASH_CAM]
POS=0.373502,1.07593,-0.295967
EXP=27

