[DASH_CAM]
POS=-0.358126,1.0656,0.0895918
EXP=27

