[SETTINGS]
WIDTH=1.11000001430511
LENGTH=2.79999995231628

