[CAMERA_0]
POSITION=0.157227 ,1.00 ,-0.48
FORWARD=-0.0329664 ,-0.129439 ,0.968045
UP=-0.00573791 ,0.988771 ,0.149328
FOV=50
EXPOSURE=30



