[DASH_CAM]
POS=-0.349589,1.03114,-0.166734
EXP=27
