[SETTINGS]
WIDTH=1.17016470432281
LENGTH=2.73532104492188

