[DASH_CAM]
POS=-0.362563,0.861669,-0.143047
EXP=24
