[HEADER]
EDIT_MODE=0
INTENSITY=30.0
EDIT_BIG=1
EDIT_STATE=2
BURN_FUEL_MULT=15
FLASH_THRESHOLD=4

[FLAME_0]
POSITION=-0.1423827,0.001878808,-1.411732
DIRECTION=-0.1274544,-0.2410688,-0.9621025
VSIZE_START=0.04
VSIZE_END=0.1
LSIZE=0.2
SIZE_MULT=1.1
IS_LEFT=1
GROUP=0

