[HEADER]
EDIT_MODE=0
INTENSITY=100.0
EDIT_BIG=1
EDIT_STATE=4
BURN_FUEL_MULT=1
FLASH_THRESHOLD=1

[FLAME_0]
POSITION=0.1362948,0.1680949,-1.627364
DIRECTION=0.02275395,-0.7098225,-0.704013
VSIZE_START=0.04
VSIZE_END=0.1
LSIZE=0.2
SIZE_MULT=1.5
IS_LEFT=0
GROUP=0

