[SETTINGS]
WIDTH=1.04683232307434
LENGTH=2.73981928825378

