[HEADER]
EDIT_MODE=1
INTENSITY=36.0
EDIT_BIG=1
EDIT_STATE=2
BURN_FUEL_MULT=2
FLASH_THRESHOLD=0

[FLAME_0]
POSITION=0.1476376,0.211586,-1.54697
DIRECTION=0.1229626,-0.2875308,-0.9498454
VSIZE_START=0.4
VSIZE_END=0.5
LSIZE=0.3
IS_LEFT=1
SIZE_MULT=1.5
GROUP=0

