[DASH_CAM]
POS=0.400276,1.01903,-0.6322
EXP=20
