[SETTINGS]
WIDTH=1.0789999961853
LENGTH=2.79999995231628

