[DASH_CAM]
POS=0.385238,1.10203,0.0338491
EXP=26
