[HEADER]
EDIT_MODE=0
INTENSITY=15.0
EDIT_BIG=1
EDIT_STATE=2
BURN_FUEL_MULT=15
FLASH_THRESHOLD=4

[FLAME_0]
POSITION=-0.182,0.1420452,-1.57937
DIRECTION=0,-0.9284767,-0.3713907
VSIZE_START=0.05
VSIZE_END=0.04
LSIZE=0.5
IS_LEFT=1
GROUP=0

