[SETTINGS]
WIDTH=1.18466913700104
LENGTH=2.6616313457489

