[DASH_CAM]
POS=0.38147,1.10907,-0.357544
EXP=26
