[HEADER]
EDIT_MODE=0
INTENSITY=30.0
EDIT_BIG=1
EDIT_STATE=2
BURN_FUEL_MULT=15
FLASH_THRESHOLD=4

[FLAME_0]
POSITION=-0.1575833,0.1625995,-1.743212
DIRECTION=-0.06738657,-0.6795115,-0.7305636
VSIZE_START=0.04
VSIZE_END=0.1
LSIZE=0.1
SIZE_MULT=1.0
IS_LEFT=0
GROUP=0

[FLAME_1]
POSITION=0.154755,0.168522,-1.737383
DIRECTION=0.04030621,-0.6955401,-0.7173558
VSIZE_START=0.04
VSIZE_END=0.1
LSIZE=0.1
SIZE_MULT=1.0
IS_LEFT=0
GROUP=0

